CMYK
0256
35
35
167,157,177,72;142,63,159,62;185,33,72,231;127,117,209,6;105,59,125,197;201,59,41,5;64,94,187,59;37,109,89,18;222,70,237,133;109,60,199,16;150,252,23,2;193,16,13,137;98,162,137,81;13,123,14,214;173,178,106,236;163,253,191,11;35,234,235,244;116,160,61,45;16,210,141,229;175,197,246,141;143,123,215,121;7,172,97,58;116,6,105,197;109,44,252,90;30,9,71,198;83,24,140,231;170,31,162,200;242,145,103,211;104,142,78,126;251,59,237,118;47,107,254,138;37,190,84,1;149,91,54,159;26,250,160,13;246,115,63,148;
254,11,47,43;95,188,229,207;164,163,243,140;228,45,82,107;221,254,71,78;85,91,191,192;211,210,72,137;34,97,225,26;131,52,79,245;235,176,30,190;83,145,133,195;76,7,46,93;108,59,151,131;66,65,57,160;137,10,135,85;129,90,47,248;88,228,47,233;159,251,40,115;2,163,61,165;192,83,202,9;241,52,222,233;239,42,58,178;246,149,187,104;165,67,41,19;139,135,94,255;131,47,234,140;132,5,180,61;12,50,17,174;230,79,241,152;16,254,224,223;119,218,246,241;13,88,36,156;88,28,66,72;203,214,227,81;52,220,154,15;
232,227,213,80;76,99,4,64;40,47,226,74;194,13,254,226;59,186,141,165;49,63,21,102;168,203,40,208;64,216,84,246;228,38,141,99;87,161,183,68;123,98,240,47;1,114,248,128;184,169,67,39;68,36,233,43;26,84,100,82;49,193,104,253;239,105,2,207;16,123,54,5;68,14,229,192;194,27,132,105;114,112,57,34;249,150,132,70;136,54,104,74;137,71,92,21;223,116,147,77;31,222,235,14;228,47,37,198;82,82,237,92;33,178,229,184;50,214,146,190;98,181,86,177;25,246,5,11;130,101,147,55;145,100,129,28;141,6,15,129;
231,211,213,160;243,204,191,171;184,3,16,54;54,72,46,55;122,108,67,0;111,201,16,206;39,23,111,177;162,128,71,59;192,169,146,79;175,241,94,55;79,118,252,147;61,67,77,97;21,49,6,182;205,8,1,108;195,141,186,74;137,199,224,47;230,183,58,84;178,219,230,140;19,95,55,166;183,189,128,124;126,116,112,99;132,1,185,214;184,94,124,171;242,120,244,176;241,134,162,158;212,84,232,61;57,128,181,245;202,145,240,198;11,107,86,211;157,113,1,155;231,31,173,158;251,46,196,104;160,224,97,41;177,251,85,211;133,51,158,131;
216,119,137,69;230,204,15,161;120,76,35,16;153,129,16,212;56,252,161,70;211,136,167,204;51,202,126,162;29,156,49,75;180,148,208,199;78,39,7,137;176,24,162,207;254,48,177,95;220,6,24,112;58,244,57,28;110,0,220,212;131,41,54,53;232,175,237,228;158,78,7,165;204,52,146,189;233,197,78,0;6,77,245,44;3,156,44,201;202,148,91,81;255,107,254,108;230,118,232,77;63,174,252,166;23,1,138,245;195,144,142,179;11,229,130,179;134,78,38,102;25,57,217,125;87,210,156,97;200,227,104,78;133,209,82,15;209,68,202,168;
197,14,114,158;34,185,67,47;254,145,252,190;10,40,94,215;183,59,127,226;41,164,34,117;82,58,97,151;39,162,192,188;197,200,72,24;193,105,154,123;113,82,211,11;154,197,253,231;80,194,250,239;135,193,161,205;254,164,50,155;239,185,63,106;166,121,24,38;8,191,201,136;124,39,200,185;245,102,145,122;13,118,219,163;104,182,19,43;131,229,72,227;54,64,24,170;84,134,217,253;70,238,169,31;156,145,7,119;91,84,227,67;9,38,32,8;178,118,97,145;83,93,147,62;57,62,131,119;96,59,122,154;74,62,77,49;41,37,53,33;
68,111,166,195;78,51,16,179;167,21,9,70;30,242,73,160;11,31,201,90;231,90,128,247;209,72,166,20;186,10,3,56;192,66,63,173;160,116,226,236;126,254,169,193;199,34,49,109;133,158,64,173;75,80,243,155;164,114,219,131;241,96,158,6;116,80,116,145;116,23,45,71;100,26,71,79;202,123,159,197;20,173,41,94;203,186,170,1;10,251,169,171;101,202,233,209;170,224,76,168;103,16,121,38;169,55,155,85;162,200,179,157;195,175,90,149;45,81,186,4;138,228,142,32;119,154,254,22;94,187,21,87;134,220,36,230;20,93,19,251;
129,111,213,162;209,136,190,36;103,42,53,87;235,78,219,139;91,217,79,191;145,100,74,225;218,174,208,3;81,48,238,245;124,182,71,117;208,158,60,74;152,71,153,203;12,32,134,248;208,241,87,33;3,58,79,110;185,5,213,195;226,168,176,166;158,202,188,234;224,249,144,29;119,10,13,180;81,245,238,152;124,137,56,4;196,132,249,105;227,88,17,77;37,12,162,160;109,199,165,159;175,242,106,130;188,41,107,10;103,128,212,138;134,62,226,156;118,195,92,110;246,94,9,27;216,143,153,45;126,223,145,59;39,94,46,233;227,97,177,252;
15,233,185,64;46,9,94,156;138,194,23,50;197,248,118,105;130,121,197,147;118,0,89,76;211,24,111,236;41,113,156,55;73,200,147,29;132,209,255,198;247,40,20,200;75,14,45,121;42,53,215,130;54,9,67,97;196,165,241,40;238,35,151,223;15,253,171,128;166,74,108,95;192,189,36,46;40,34,81,148;57,143,109,165;158,189,225,101;148,72,12,116;10,51,79,62;194,40,63,63;75,38,198,3;1,151,34,94;8,197,5,60;237,135,20,141;135,27,170,222;234,155,88,66;176,249,236,225;130,180,62,185;213,103,92,192;194,30,51,8;
230,71,7,189;84,216,50,31;84,195,238,33;223,4,116,204;19,76,110,154;218,252,154,159;78,245,181,111;188,21,162,147;139,135,168,131;99,34,222,45;235,63,42,77;185,205,38,116;95,181,28,163;218,16,236,33;212,120,208,128;186,215,127,122;145,78,133,109;249,236,41,138;158,248,164,242;172,72,153,51;34,57,111,12;192,242,182,167;27,229,190,202;90,211,61,115;111,225,223,60;16,62,189,228;175,35,87,116;109,246,138,94;142,205,215,184;114,163,64,181;123,200,85,5;111,228,24,157;154,230,152,33;6,41,4,234;11,26,221,44;
144,157,91,185;22,204,170,80;33,165,136,199;72,139,123,52;92,158,82,199;126,94,133,68;233,132,105,57;43,107,209,182;158,234,125,238;185,86,109,173;231,129,247,55;183,115,34,226;218,71,197,77;205,151,251,122;4,243,199,190;52,188,208,58;156,94,17,60;166,8,61,231;28,228,118,46;192,151,198,96;23,248,179,44;204,134,232,204;0,227,192,186;128,140,234,72;190,32,55,57;138,85,99,207;203,165,2,75;30,152,221,49;107,170,44,144;17,164,129,199;86,91,104,173;92,50,104,9;239,197,42,58;29,227,183,47;71,92,92,85;
193,75,77,79;161,134,149,135;232,80,135,74;202,138,59,53;99,209,150,139;38,230,253,41;233,136,53,58;148,48,187,227;116,242,94,248;164,42,242,11;43,235,205,228;198,207,249,53;151,78,87,181;211,46,104,144;136,149,188,3;226,123,66,64;9,167,120,147;142,47,72,127;48,105,174,4;16,111,179,169;236,190,116,213;128,114,225,35;179,75,108,143;67,53,13,18;170,192,229,113;181,93,38,164;249,53,157,226;253,242,237,49;236,24,170,113;91,255,4,99;138,77,49,52;105,201,228,220;68,65,34,75;94,25,245,66;108,127,69,83;
234,154,53,78;156,72,196,58;47,190,212,237;112,159,10,77;255,229,241,77;151,197,212,167;78,24,68,228;100,200,206,123;199,94,36,188;193,112,82,44;92,113,96,48;19,154,92,17;21,108,184,221;27,238,226,10;206,243,149,93;63,193,3,102;61,16,249,184;40,67,146,191;191,164,124,214;156,245,55,32;240,10,159,140;89,43,81,156;79,97,22,105;124,130,196,250;100,119,33,251;166,172,46,115;104,232,187,93;128,34,101,0;33,135,165,155;130,125,12,220;204,128,91,211;74,206,165,15;73,173,17,143;166,167,45,205;148,62,218,35;
181,38,34,9;201,99,254,142;47,114,170,77;177,246,91,23;152,177,67,207;71,82,140,171;5,106,190,122;38,211,180,167;20,171,131,7;113,85,38,141;4,250,243,245;155,96,80,205;198,19,218,105;223,193,53,30;60,130,30,224;91,58,29,24;151,251,69,95;94,239,232,237;155,160,183,210;68,249,189,109;11,159,30,114;110,82,253,241;60,98,203,232;234,144,165,221;156,245,225,104;96,228,64,155;173,25,112,55;231,253,107,40;52,24,235,76;155,16,7,92;93,198,140,137;197,209,26,121;7,149,231,224;33,10,187,146;72,74,93,252;
249,15,51,34;120,181,38,223;10,84,181,252;101,251,188,132;111,243,177,206;232,111,145,41;56,151,148,155;22,6,88,45;73,80,183,117;249,20,236,251;191,248,155,206;200,210,90,4;44,245,65,62;148,139,118,13;145,9,187,99;151,51,39,8;66,183,6,106;250,81,113,19;181,164,103,53;251,175,176,190;90,105,67,32;190,196,214,30;200,197,175,22;172,166,93,214;254,121,62,3;68,92,252,67;254,85,127,131;211,149,129,124;208,93,128,112;155,163,157,222;158,180,66,146;171,71,128,253;171,112,144,182;239,209,146,172;180,171,241,56;
222,204,216,241;43,75,60,148;14,31,92,9;178,57,159,24;137,2,193,232;122,158,142,193;233,75,130,64;25,198,235,18;56,230,151,54;206,34,63,114;16,216,233,228;157,84,218,168;60,124,242,155;127,169,3,241;132,219,245,60;152,195,205,207;220,19,228,151;120,160,127,43;59,106,115,1;209,140,226,71;185,130,18,102;132,61,199,26;99,197,90,199;43,135,229,194;24,112,66,234;223,62,120,181;75,22,216,210;23,169,36,229;20,7,8,27;10,15,38,198;41,123,129,155;116,208,164,50;26,159,173,85;59,88,163,195;217,189,23,160;
105,96,99,252;62,174,203,24;245,7,123,86;173,102,237,26;64,223,224,86;229,248,222,76;45,45,206,100;132,155,48,231;186,129,151,185;141,224,13,75;174,17,40,43;193,173,179,155;80,68,46,148;230,86,168,78;155,14,13,215;29,141,129,70;103,161,39,29;176,49,158,116;6,78,139,199;28,32,254,136;157,219,240,67;89,96,211,105;69,79,61,234;144,161,55,67;183,116,24,59;79,62,254,22;209,210,4,88;110,47,90,197;92,177,150,65;124,208,56,232;98,87,228,248;168,76,2,152;222,148,97,130;141,141,224,128;196,250,55,117;
144,203,5,206;90,107,220,243;44,57,212,226;234,2,219,146;19,177,227,188;242,66,63,253;102,255,192,34;239,233,144,33;213,108,146,192;151,116,50,137;226,244,173,195;105,176,234,25;111,236,208,157;68,118,23,41;208,168,38,111;18,82,111,20;177,210,45,185;240,146,11,125;185,248,161,31;240,109,234,201;59,31,59,92;40,67,119,172;6,179,109,12;207,141,233,3;65,114,179,45;91,62,165,102;225,211,246,183;215,124,64,80;9,192,100,215;165,106,72,160;154,127,235,10;121,128,156,22;23,39,101,99;44,7,116,199;130,235,247,34;
108,218,157,88;164,104,177,95;1,234,173,5;95,195,28,237;234,80,190,121;28,154,207,164;167,75,151,209;4,186,21,50;0,133,241,236;234,190,179,43;206,176,123,28;15,155,141,192;9,247,10,51;220,117,146,215;235,65,84,254;229,122,118,204;120,196,211,223;115,215,76,114;124,84,98,70;34,103,153,173;201,239,209,123;93,195,184,93;197,3,199,2;183,121,51,28;254,22,19,147;147,132,2,51;35,64,104,231;146,190,231,117;250,190,115,109;243,124,200,84;113,245,17,61;117,140,119,84;50,22,110,12;211,154,60,172;93,245,7,229;
14,199,37,124;17,241,119,219;141,235,222,113;27,151,92,31;99,249,78,149;155,243,77,29;73,89,69,146;34,113,211,231;190,190,48,219;20,59,180,191;90,125,3,87;163,251,19,110;53,1,101,145;120,59,45,210;17,240,82,127;115,242,89,189;102,16,18,121;175,38,149,219;11,42,29,4;43,241,177,106;168,69,205,56;140,54,201,71;82,185,38,68;223,5,159,13;166,251,149,131;65,248,106,75;10,229,249,136;195,91,225,173;75,227,188,168;165,189,220,240;203,135,128,210;221,210,114,43;200,8,172,235;207,17,84,235;86,198,1,81;
124,195,130,124;33,248,59,144;119,110,70,88;60,134,179,168;63,113,15,21;103,233,173,3;49,89,142,222;117,144,106,250;137,179,60,93;161,192,233,202;38,248,246,34;243,189,105,162;196,143,61,166;25,41,247,88;55,117,26,83;71,33,189,9;168,36,232,118;0,170,195,82;186,9,227,247;19,211,11,125;118,231,203,106;209,180,33,182;132,180,111,106;8,23,196,232;231,78,95,213;66,224,27,252;64,39,56,148;90,42,162,89;40,43,47,117;68,36,92,230;180,205,157,234;217,106,118,111;166,34,43,171;252,154,215,208;180,253,237,244;
36,202,237,182;246,26,204,138;159,90,104,62;107,190,4,228;19,125,31,13;186,253,210,51;42,89,18,114;92,46,85,132;129,194,22,148;47,231,176,88;239,244,236,154;106,79,61,204;220,168,203,72;218,119,163,8;136,108,203,41;246,39,8,83;147,68,233,163;62,251,249,42;32,188,214,236;144,156,103,76;105,89,138,103;56,156,130,223;220,147,10,226;235,167,57,171;85,103,131,52;109,167,217,171;216,99,134,18;0,95,7,164;11,214,151,134;127,155,192,190;213,210,255,79;39,240,138,206;84,100,84,34;132,199,181,1;229,194,109,131;
128,223,203,147;228,136,98,175;67,128,247,3;25,81,92,151;213,180,9,210;142,230,0,83;96,111,156,73;117,208,202,171;120,247,165,128;255,132,254,198;184,107,114,101;111,165,121,102;123,187,254,130;227,93,207,132;46,70,139,28;184,8,206,150;79,228,160,37;240,157,138,231;198,42,90,215;164,158,93,108;133,158,52,70;202,28,178,172;31,157,212,15;186,167,207,84;212,24,21,248;74,67,168,156;142,153,219,94;21,106,55,178;34,222,105,105;104,22,222,171;109,49,9,87;9,139,254,211;230,153,39,179;51,42,43,115;24,37,245,239;
85,69,223,14;177,50,106,9;179,15,77,57;156,250,127,63;222,1,161,75;177,32,23,100;131,76,210,115;137,201,44,141;85,194,56,179;31,172,116,254;144,159,194,185;149,110,0,113;160,111,108,129;43,218,235,3;115,209,39,64;229,184,180,25;138,41,72,142;154,152,111,186;104,219,177,158;212,227,255,5;45,224,211,127;245,248,10,57;2,151,93,107;110,204,185,111;22,130,188,8;44,120,227,93;122,248,52,89;178,61,25,20;15,49,208,95;51,72,154,168;168,122,249,228;132,70,46,40;128,138,116,149;234,134,222,129;97,193,93,55;
76,166,49,128;194,135,108,26;241,217,68,208;41,24,8,243;23,116,251,10;164,6,125,54;86,249,77,11;3,127,152,243;183,152,238,24;117,155,125,198;47,142,178,0;180,14,205,25;71,45,136,106;117,58,201,212;75,164,47,229;41,239,92,57;178,121,170,184;214,27,178,60;134,68,190,65;158,182,205,187;225,49,76,29;36,69,126,42;134,129,36,53;164,61,201,106;81,13,14,240;74,40,121,161;80,15,255,152;63,1,136,216;26,197,38,18;81,128,152,210;96,167,211,10;173,173,59,179;135,35,94,168;235,186,132,243;24,140,23,206;
112,179,32,210;212,127,192,51;156,148,55,133;218,158,227,216;199,213,182,81;41,223,110,246;85,116,77,146;80,77,128,55;254,10,51,179;133,239,213,106;193,156,240,110;156,92,69,135;178,113,254,96;84,140,139,82;107,52,21,239;117,50,23,24;162,134,98,184;196,253,249,200;50,71,36,28;144,172,160,246;91,190,241,50;241,13,226,50;190,203,48,139;76,89,178,0;13,38,249,92;180,22,163,68;106,87,116,175;150,91,149,15;100,206,224,170;59,92,30,113;175,140,194,38;153,172,17,40;149,43,218,36;255,138,70,192;67,104,114,55;
13,158,116,6;215,53,47,180;132,80,27,113;196,74,57,212;172,223,84,64;123,52,135,97;230,113,90,205;96,102,232,48;216,174,170,119;46,241,89,100;246,242,45,57;169,165,159,54;203,141,19,115;46,129,20,181;77,154,162,252;153,234,94,158;113,226,98,5;203,88,133,144;40,152,10,79;122,143,105,108;146,153,238,216;255,57,90,180;90,102,216,224;5,4,71,49;67,133,176,227;6,124,85,23;172,84,52,60;160,76,235,34;25,169,126,3;236,108,157,131;106,221,161,167;215,28,120,19;238,173,147,13;66,244,199,171;123,75,109,70;
19,144,118,213;231,102,185,97;200,36,21,53;144,162,221,222;107,248,176,196;100,88,201,246;248,118,138,68;184,154,252,36;53,24,79,47;249,121,252,85;79,118,215,61;182,215,147,59;145,114,110,130;26,209,195,170;111,88,173,14;170,110,220,185;42,114,120,211;6,36,170,117;204,90,180,46;124,243,157,69;52,240,221,61;214,15,115,154;1,95,243,79;65,47,237,215;182,124,87,152;91,49,169,200;181,235,239,137;92,95,8,89;32,244,205,175;94,143,97,52;134,235,198,231;22,40,108,201;79,123,208,101;203,224,30,77;186,40,187,210;
191,129,124,25;145,242,161,125;142,67,187,107;217,10,122,31;85,181,205,183;119,153,118,191;167,246,215,212;27,221,19,122;19,78,71,19;165,80,64,190;72,196,16,125;125,107,158,127;6,28,145,155;180,46,3,170;145,242,12,182;181,43,83,39;67,249,182,50;166,105,187,254;40,199,110,194;26,46,130,191;114,91,72,0;144,245,146,61;223,35,16,173;175,131,156,50;225,41,215,158;149,214,93,83;113,205,87,177;152,14,144,48;235,75,105,150;193,4,124,244;221,90,213,189;210,157,9,95;11,91,56,24;199,126,19,170;68,104,157,172;
76,112,166,58;132,74,114,223;141,137,204,144;250,206,178,212;196,210,68,86;109,252,151,80;57,144,179,236;46,206,165,7;33,151,38,85;18,34,5,41;167,202,57,155;237,127,101,210;192,174,160,132;227,37,251,86;131,5,171,43;212,116,217,45;188,77,205,79;110,55,217,132;218,200,197,69;24,226,150,5;107,196,192,135;191,64,142,126;130,210,120,27;7,252,191,244;124,220,13,15;6,10,89,209;247,205,152,220;243,177,38,188;227,168,66,78;105,154,3,197;239,160,231,202;132,208,220,27;182,132,161,129;50,89,187,145;161,171,58,26;
147,197,164,103;87,165,18,81;82,195,28,115;125,218,202,109;56,103,236,42;125,116,128,87;203,255,212,41;5,147,99,137;132,165,184,140;99,170,38,243;226,161,150,101;39,150,79,196;107,19,38,232;11,115,17,116;229,250,4,46;213,151,111,219;119,157,134,94;115,32,91,103;203,20,192,1;35,188,213,29;8,11,182,159;98,217,94,142;96,60,33,162;161,123,246,174;101,52,142,64;152,67,37,78;80,249,54,227;179,228,17,139;146,222,206,126;237,226,137,234;34,113,38,157;147,44,126,196;53,90,29,93;87,163,195,213;181,5,85,85;
174,183,237,179;111,59,146,211;224,207,172,37;211,188,113,10;30,82,205,46;156,178,214,251;131,135,97,65;77,119,70,249;255,65,64,49;164,184,192,214;255,96,45,3;243,184,181,81;208,101,43,231;189,69,73,178;135,105,97,96;231,72,154,141;222,112,113,4;211,172,25,176;154,193,192,4;25,107,95,173;253,89,38,182;147,144,13,197;227,80,203,240;223,176,185,41;30,23,131,243;91,215,179,227;75,121,136,80;7,151,103,83;158,191,125,46;100,20,94,182;147,233,110,3;33,90,62,4;10,141,112,106;246,2,62,235;30,36,42,204;
45,244,53,145;162,27,208,3;22,65,113,141;128,245,86,217;21,235,227,100;45,49,83,112;237,107,87,34;194,146,218,44;11,205,127,207;11,5,225,217;224,157,87,178;46,113,167,142;101,247,14,90;96,198,234,170;214,97,203,23;99,25,43,48;138,240,233,161;193,164,139,90;28,150,13,139;133,199,201,242;86,251,131,99;133,159,66,103;132,138,56,70;81,185,123,183;164,2,54,11;188,250,254,249;82,149,23,206;37,71,126,239;239,53,12,70;169,194,189,150;145,221,6,97;136,103,48,90;78,195,111,148;200,2,141,244;229,195,212,88;
4,163,217,59;48,79,123,158;215,215,28,142;155,119,75,184;173,243,160,237;156,51,124,210;121,156,12,139;245,183,66,212;16,51,48,166;153,31,86,111;79,132,164,252;137,125,43,170;6,96,60,224;68,188,169,234;238,146,78,2;167,51,177,18;124,126,81,48;94,255,33,156;38,71,7,144;230,219,50,218;215,142,60,53;253,124,26,172;230,69,242,158;69,199,123,195;168,126,233,21;152,198,11,237;80,65,234,122;240,221,54,123;248,225,58,146;35,2,44,86;3,193,172,35;218,177,60,155;206,105,128,7;161,232,178,217;53,151,38,151;
87,59,99,249;110,76,120,245;37,121,119,73;8,133,254,128;241,210,237,77;170,44,189,178;62,154,69,0;120,32,105,145;181,116,124,49;104,46,157,45;67,19,214,237;90,170,216,107;95,214,85,181;117,12,112,133;176,242,111,5;218,128,129,168;38,27,66,217;237,58,154,13;59,123,195,201;134,172,7,216;86,248,99,5;155,208,95,60;67,55,58,32;0,254,123,115;148,234,101,28;200,40,252,194;132,47,78,97;25,45,216,230;252,20,62,61;36,52,36,82;95,184,85,110;87,120,243,198;202,197,104,50;53,253,148,41;38,152,233,158;
