RGB
01
23
23
10110111,1010100,10001000;10100111,11111110,10111001;11010,1011100,11111001;10110111,1001101,11111;11100010,11000001,11101110;1000100,10001100,1101010;100111,10011010,10000;110011,10000010,11001100;1010111,1010100,11000010;10110111,11110011,11111111;11000000,11111011,1000000;1101101,10000100,11101010;11110010,111100,11110101;1011000,10101101,10000001;111000,1011010,10110111;101011,1111010,10100000;11001101,11000000,110110;11111010,1011010,1000010;100100,11111111,1000;11100100,11110100,110110;11000,10111101,10101110;111001,1000110,1001010;11010111,10001000,11111000;
1000001,1011101,10000011;11111010,10000100,1100000;11,1011011,1110101;10000001,11010,100001;10010011,10,10011110;11011001,110100,1101110;10001110,1011101,1010111;1001110,1001010,1011100;10110001,10011000,1111010;1001101,1110100,11101001;1000000,11010000,10100101;101,11101011,10000;1110101,10110,11111100;10101001,10,10101000;111000,1110111,11011001;1110000,110011,10100011;1000111,0,11111001;1001100,10000001,11010100;10100010,101101,11111101;10111000,1000010,111101;10000,1000,1110011;10001000,110100,1100010;11001110,11,11101111;
101000,11101101,111;11011,10011111,101101;11101011,1011110,1000010;11101001,11111001,10011001;11010110,11001101,1010110;10011,11111000,11100110;1111000,10101011,11111001;1110,10010111,10100001;10110111,10101001,101;11100111,10011110,10100001;1000100,1100,10110011;1000010,11001011,11111100;1111001,1001000,11001101;10110101,10001000,1100110;10010101,1111011,11001;11110000,11011110,11001010;1101100,1010011,11000011;1001000,1100101,10100010;110111,1011001,11100110;11111010,11000010,11111010;100101,1001001,11001011;110011,110,1110100;1001010,100011,10110001;
10011000,1000,1111110;1101101,11000110,101110;10010,1000000,10000110;101111,100110,1110111;11010001,1001111,1011111;10101101,11010110,1011000;10110110,101111,10110010;1001010,1000111,101110;10010101,1111011,11010010;1101010,10111111,10110100;110101,1001000,1101001;1010111,10101100,11101011;11,11001100,10101101;10101010,110100,1011110;10100110,110010,1010001;1010001,10101000,10000111;11010010,110000,1010010;1011101,10100110,10010010;1110111,10110101,101001;11110000,10100001,1010010;11011,1110000,10010111;10100001,11000111,11010000;1001,11110011,1001001;
111110,1011011,110100;10111110,11001011,11110001;11101101,11110111,11110010;110101,11001,1011111;10111101,11001010,11100111;10000011,11001011,1010001;10011010,10110011,11000110;111,1000000,110;11010011,11010111,110110;1111,1,1101011;11110111,1010111,10010;10100000,10010011,11100001;11011010,1010011,11011011;10,1000101,101001;10111111,1110,10011000;10000010,1011111,11101001;11011000,11111000,10110100;1111001,10010011,10101100;1111,11011001,10101011;1100,111,10110100;1010110,1110000,10001;1111100,10110111,10001011;11100001,10110000,101001;
10010010,100110,1100100;10001110,11101010,1000111;11101100,11011101,10010010;1000010,1000101,11000000;10111011,1110010,1011;11011000,1110110,1011110;11011010,10011111,1100010;11100,101111,11000110;1011111,11000001,111011;11101110,11001,1000110;1111101,1110011,1001100;1011100,1100110,111011;11001010,1001001,1111;110010,101101,1010000;11110110,10110,1111001;10011101,10011000,10110100;1100010,11101110,11011110;1011010,11010110,11101;10011011,11111011,1;10011010,11011100,110010;11011100,110101,1000111;10110,100010,11111111;1101110,11011001,11001100;
11000001,11111101,111111;10011010,10101111,1100101;11101,10011000,111001;1101101,10111111,110110;101101,11100101,10101001;110111,11101111,11111100;10011001,11001001,11010100;11111,11110110,11111101;11110010,10011001,1110101;1010,1000111,101;10001100,10011110,10001111;11,1010010,1011;1110000,111011,11000001;1001110,11100011,1101011;111000,1101111,1101000;1010110,101000,111000;10000111,1010,1010010;10101010,11100100,10011101;110001,1011010,10110000;10100001,11000100,10110000;1001011,1011100,1110101;10111100,10001110,11010;10010000,11101100,11011000;
110001,1010110,11110001;10100000,11010110,1011100;11010100,11111100,10111001;11101111,111111,1000111;1001,11010,11110101;10110011,1010011,11110100;1010101,10000010,1111101;10,101110,1001101;11111000,1001101,10001;1011,11010011,10010110;10110001,10001100,10011100;10,11010110,110111;1011101,10011000,11100;1010010,1111101,1001100;1000100,11001111,101010;10110,11010011,11100100;101111,1110100,100000;100100,11010,11101011;11011010,1011000,1000110;10111,1010,1001101;1111111,11100110,1101001;111110,101111,1100;10100111,10101101,10110011;
101110,1011001,110001;11011000,10101010,100010;1100011,10010,1001;10001,11011010,11010;10001100,10101010,11001000;10011001,10000101,100;1011010,111110,10010110;11,1010,10110000;111000,11110,100000;10101000,10111010,1111001;1101,110001,1001100;100000,11100111,10011010;11100,10111110,10010010;10001101,10011101,11011000;11111,10000000,10111000;1011100,10010000,1100;11000111,100111,11110110;10111,10110,10100111;11100101,1100100,10001110;111,1110111,111111;110010,1110001,11011000;11000010,1101100,10011010;1110000,10000111,1100000;
11110011,100100,11100111;10111000,1100100,10100110;11000011,11110110,10111001;1100111,10011000,110000;10101101,1000000,10010;10010,1110,10101100;11000111,11000100,111100;1111100,11,11010110;11010,1111000,10101000;1000101,1010100,111101;1000100,10011011,11000010;11000000,1101011,11100110;10001100,10100110,11010110;1011000,11101110,1111;10000101,1000101,10101001;11100000,110101,11010010;10000000,11110110,11000010;1001011,1100000,10010111;101000,1100010,1100010;10011011,1111010,10011;10010001,1000101,10011110;101,100001,10001111;1100110,101111,11100100;
101010,11010100,1101011;10100000,101010,1010101;11001001,11000111,1011001;11000101,100110,110100;11111101,1000001,11110010;11001010,1010011,111010;11001101,1111000,10101111;101111,10010110,1101;1001101,11110100,1010010;11001,10101011,1010100;11010101,10100100,11001010;100101,111100,1111001;10111110,1001100,11011100;10101010,111110,10001000;1011011,1100100,10000010;10100100,10101010,11000010;101011,11101011,11100010;10011101,11101001,11011110;10011000,11,11011110;11110100,1001101,1111;1000001,11011,1011011;11010100,1111011,10001101;100101,1101000,11001;
10110111,11101000,10000110;11010010,11001101,1000;1011,11010010,1000110;11111101,10111100,101101;10101001,1110111,11100100;11101111,11110,11010010;1010100,1010111,1101100;111,11000011,111;1111000,11110001,1000100;11010,1110000,11000100;11010000,10110011,11001010;11101111,11101111,1000111;11000101,1001111,11001101;11001100,11111101,10110011;11010010,11011111,1001011;1000101,10110110,11001000;11010100,11010110,11101;1011011,10010001,101111;11101001,10110111,1111111;10111010,110000,100011;11110000,100101,1101000;1100101,1011100,11111100;110,11011011,11101110;
11101100,1000111,10100010;10000,1100011,1000;10011010,11001001,10100;11100000,11100001,1000010;11,10111101,1001010;10010001,11001001,11111100;1011111,11111000,11100001;11010100,11000011,1101110;101001,10011010,10100011;10000111,10000001,1010010;1100,10100110,10010010;10100001,1110,1001;11011101,101000,100100;1011011,10010101,1101000;1010100,11000110,10100000;11011,1110001,111;1111111,10100111,110101;11111101,1110,110011;11001111,1111110,10010101;11101111,11010001,1110100;10000101,1110111,1011001;100111,1001111,10000011;1110100,10111110,11100001;
1010010,10000100,11100101;11111010,110111,10101111;100010,11100100,10010110;1101101,10110000,11011100;1000110,1001110,100111;100000,10110,11000111;100010,111000,10010011;1101110,1,10110010;10111010,1111011,11110000;110100,10100100,11111010;111000,11011111,1001111;11110010,11111,1100010;11010111,101001,1101001;11101010,1001101,1111;10010011,11100001,1000101;1010001,110,11101111;111010,10010,100111;1100111,10000010,11110010;10100000,11110011,1101110;100,11011000,10111011;10011110,1011011,10111100;11110110,1110010,11000001;10101001,10111110,11110011;
10010111,10101101,11100101;11100101,10110010,1000100;10110,1011110,1001100;11011110,1001001,10110000;1000100,10111010,1101100;10011110,10010010,11110100;100,10010101,10111011;1000100,10100101,11101;11010111,10010100,101001;1110011,11101010,10000011;11110100,11001,1100111;11110101,1000101,10100001;10100000,1100010,10001000;1000000,10001101,10011101;1001101,10110111,1001010;1000101,10110001,11101010;11011,10001111,1001100;101001,10111101,11000;10101011,11101010,10111100;10100100,10010000,1100111;1001100,101,100110;10001100,10110001,10111011;1100101,10100011,10111;
10111011,11101,1111110;11000001,11101001,11011101;1001001,11,10000;101011,1001110,10000100;1010000,110100,10011101;110,10000101,10101;1000111,10010,11101010;1101111,1110101,1000110;10101010,10110000,1000101;10101100,101010,1000;11111,10001101,11100101;10011011,10111101,101101;0,11001110,1000011;11110111,10101001,11010100;11100101,10100001,1011110;1000111,11001001,10111010;11110001,11011011,11001111;1110010,10001,11011110;11000100,10100001,10010001;10010001,1001101,1011010;111001,10110000,1010100;110000,11110101,11011111;1,1101000,1001;
10000,11111011,11101111;1001,110111,110101;11111010,11010000,1011001;1010101,1110001,1101110;10000,1110110,10011011;10100101,1011000,110010;1100010,10010,1100110;10011100,10100001,11010001;1001110,1010000,1111011;10110111,10101111,1100011;1001010,10100011,1100001;1100111,10110101,10010;11110010,10111100,11010101;11010110,1100011,10000111;11001011,1000101,101000;11010011,11100101,100001;11011110,10001101,10110100;11101010,110010,10110100;11100000,10100110,110101;11001001,111011,10100001;1001010,10001110,110010;110110,11111011,1;1000110,10010010,11000001;
10101010,101011,10111101;11100,1010010,10101100;1001011,1001011,11111011;1010,100110,1111;11010010,1011011,111100;1110010,11010,110011;10000001,10110000,11101010;11101111,1111111,1011;11111100,1011011,10000110;11010,1101001,11000;1000010,11100110,11011111;10000011,11110010,11110110;10100000,11011011,11110111;1101110,11000001,111;1100,10010011,101110;1011001,11001,10011;10000,10011001,11110011;10100001,10000,110100;11101001,11111110,11011010;1001110,1111011,1111000;100000,1010,1001010;1110111,10100011,11011101;10011,11001001,1100101;
1001110,100111,10101111;10001010,1101010,1101;11001011,10111001,1011000;10001010,100011,11000010;10100001,11010,10101010;10100100,1011110,10000001;10000001,10100111,11100;10110010,11100000,101110;10101001,101110,110001;11101011,11100010,11000011;10111110,1011010,100;11011,11100111,110110;1101,11110111,10110011;11111011,100011,1000011;10100110,1010000,11100111;10100111,11011100,1110010;11010001,10011111,10000010;1101001,1,10110101;1011100,10011001,101;1001011,1100001,1010100;11000000,10011011,10011;100011,101011,10;10110000,1100001,10100000;
100010,11001011,1000100;10100111,101100,1010110;100100,11101011,11110100;11001111,1010111,11110010;1010100,11100,11001011;1011000,1011010,11000101;10100,10110001,10110011;11101001,1101110,10010110;10010110,11110010,1010111;100111,1100110,10101110;110011,10101000,101000;10010110,10110010,1110101;1010010,11101101,11110101;11011011,11001111,111011;1011110,10011110,1001;1000001,10000011,10010101;1000011,10111110,10110101;1011011,11110011,1000100;110110,1000100,11010000;10000011,1011010,10011110;11001010,1001001,1110100;100000,11000110,1000;1101010,100010,11001001;
111011,1101011,11001011;10001,10000011,101110;10111100,1001000,11011011;11011111,11110101,1000111;10101010,1101,11001001;11100100,11010101,11110110;11011100,10000000,1000110;10100111,10000001,10101111;11100000,10111100,1001000;11100000,1110000,11011001;10011010,11110001,10000;100000,111110,11010000;1011100,110010,10011100;11110101,1100111,11011101;110,10010000,10011010;1001010,10000111,1110000;1100011,10010110,11111000;11111,11110110,110010;1111000,1010011,11111000;1111011,11110101,101101;10001,10000001,11011011;10100110,11001110,11101;100000,11011100,1011000;
1101010,11001111,1011111;10110011,11,11011000;10110010,1001,10010;1111000,11011000,10010011;11111001,11001000,100;1011010,10100111,1101101;11010001,111100,11010;11100101,1000010,1000101;1111010,11100101,1011100;11000111,1000100,110000;1100010,10110000,1001100;11010000,10111111,1001001;11111,11101110,1000010;1101110,10101000,10011011;10110001,11010101,10010100;11010010,1010111,1011011;11010001,10110011,10010101;11101011,1110010,110000;1111,1111011,11000111;1100110,10111100,10010010;10010101,1110101,10100000;10011000,11101111,101;11001000,10111111,10111000;
10010110,1001000,10000010;1011110,10011011,110001;1010110,11111000,10011011;10111010,11101,10100010;10101011,1011100,11100101;11111100,100100,110110;10100101,11110111,1000111;11100010,11000010,11110111;11101100,1101110,11010110;11110101,1011001,11101010;1010010,1010001,1101110;1011000,11010110,1000011;10000000,1111101,10100111;1110110,11100111,11010110;1111101,11110000,1001111;10000000,11110011,1000011;111110,1011010,11100100;11001110,1011000,1111010;10100110,11101111,1000110;1010011,101001,101000;10100,10101100,1101100;1110,1010100,10001;101000,1101010,10100100;
