CMYK
01
25
25
10011,1111000,1011,11010010;101000,11111011,11010101,10011000;101111,11000010,111000,10011101;1111000,11000010,11001010,10100;1111101,101100,11100110,11111110;1011,11011010,11011001,1010011;11000110,1,1100100,11110100;110111,10100011,111,111101;1101011,10010101,11100,111111;100111,10010,11110111,11111010;1100011,1000111,110010,10000011;10010100,1000110,11111111,11001;1001101,10000001,10110000,10001101;100101,1110001,11100111,11001001;11001001,11000001,1110011,11000;1010100,1101,10110011,100100;110101,11011110,1000001,1011011;10010010,11100101,1100111,111;1110,10001101,100011,101010;10011001,1001100,11001100,11001;11100010,10000010,101011,11110;10011000,11011,10111100,101;11111010,1101010,1010010,11110110;10101001,1000000,11101101,11010000;10001100,10111001,10111100,110100;
11101101,10110110,110010,10000101;10110100,11110111,1000100,10011111;101,1010110,11001111,10100101;11010100,11011100,11110101,1000;11111101,1010000,1001011,110100;110100,11011110,1110111,101101;111100,101010,1000000,11001110;11101111,10010100,101111,11101101;10000101,11111011,11011000,11101110;11110,1001000,111111,1100101;11011,11100111,10000100,11101111;1000,11100000,11010000,11101111;11011100,10110100,11000000,11000111;10100010,11111101,11001110,1100;1010100,11110000,1000111,11100110;10000110,10100111,1101011,1010;110100,10100000,10111101,10010000;11010110,1001111,11010100,11110010;1011111,101011,10111,1000;110101,1100101,11001011,10100011;1101110,110110,10110011,11011001;10010111,1111101,1011011,101110;11100011,1101011,11100111,10010;1100011,10101111,11000101,10100;11101000,11101,11100111,11110110;
10000110,10100101,10110001,11011001;11110010,10011000,1011000,1001000;11110110,11100101,10010100,11101011;10010010,111011,11100110,1000111;11010000,101100,101101,11010110;11011101,1011001,1000100,110011;10011111,11010010,1010001,10110001;111000,11110111,1010111,1001101;11,11100101,1001100,10000;1010110,1100,10110,11001111;10100111,10010001,10111101,11000111;10000100,111100,10100011,1111000;10101010,11001101,110110,11001;1001100,1101111,10101,10110110;1111011,10,10010101,11100010;1,101001,10011,1000;1101110,11010000,111000,0;1010,10001011,1000101,10;11110000,11101011,11100000,1110011;10110000,1000001,10111000,11011111;10111111,100111,11010011,111001;11101,10010011,10001000,1101;11100110,1011100,1101100,1010011;11100100,10010,0,11001011;10100100,1110010,11,10110001;
1011010,11010,11011111,11001101;10110111,11100101,10100,111110;11110000,10111000,1010000,10100;11011100,11111100,10111110,11111100;101,10110001,111011,10000010;1101111,11011101,11000110,11001;1111010,100100,10110010,11000111;1001100,111001,101011,1100000;11011,11011001,1101100,1011101;1100000,1111000,1001100,1011101;11,11101100,10111100,1110010;11011110,11101010,10,101101;11111110,111001,10,11001010;100011,11100,1010001,11001100;1110110,11101111,11100111,101110;101100,1010110,11010011,10010101;11100001,111010,111010,110101;110,10100010,11001001,10000100;1001001,1001101,111010,1111101;11000111,10000011,1001101,110;111011,1100100,11011010,11100101;10011111,11001111,10000111,10110001;1010001,1011,10110001,1101;11001011,11111100,1111111,110101;11111,1100100,11010101,10000011;
11110100,1000011,11000011,10110011;10101110,1000011,11110100,10001001;10000011,11100,11100010,1110010;11100010,11010011,11000100,11000;1111011,1101000,10101000,1011011;110111,10000,1010000,1101111;1010111,11011010,1010,10100001;111000,1001001,1111010,11111111;1000101,11000001,1110010,1101101;11111011,1000011,11010110,1011100;11101110,10001110,1110000,1010101;11011100,1101010,11010111,1111010;111,10011110,10101011,10100;11010101,11101000,11010,11000110;100100,11000101,1010000,100011;1101001,11110101,11111011,101001;10010000,100101,10,1011001;1111000,111101,10101110,10100100;10100,11100100,1100000,11111100;11011010,11110011,1111010,11100101;1011011,1010000,11110010,101010;1001000,10100110,11010011,11001111;11110010,11100010,10010110,10000001;11000011,11101010,11101101,111010;1010010,110,10001110,10000100;
10001010,100010,11111100,10100001;1101110,110011,11110110,1000110;10001111,111100,1001011,10101110;10101010,10000110,10000100,11011101;1101110,11000,10111001,110111;11011110,1010110,1010001,1010111;1010110,11111111,11011011,100111;10111000,1001101,11001000,11000101;1100000,1001110,11001010,10100110;10000,11011001,1001100,11000100;110111,11011111,10100101,101001;101000,1000000,10001001,10010001;11010000,101101,1110101,10111101;1101101,11010011,1100001,1110101;1,11111000,11010111,1100001;101001,1010010,100100,10010011;11110110,11001000,10110001,1011;11,111010,11111,10000;10001,1000011,1001011,11001001;1010101,11101110,11010110,10101000;11011101,101001,1001111,1100100;10010111,11100,1111111,10111001;1000111,11100111,11000000,11001111;10101110,10000111,10111101,11100;11101111,1110000,10100001,10;
10101,10001100,1011110,11101;11101000,10011,10001010,11011100;1101110,100011,100101,111001;10000011,1110100,11110000,11000000;11111011,11111011,110111,11100101;1001101,10101101,11000,10111111;10001,10001110,1,11010101;11000000,10010010,100,10110000;10101010,10100101,1111101,1000111;1101,100010,10010100,100010;11000111,11010111,101000,11100101;1111,10111110,101100,1111010;11001,11010,11100001,11111101;1111000,1001001,10110101,10011011;11011000,11101010,1110100,1101110;11000011,10101000,10011000,11010001;11110011,10011001,110100,11001110;11101111,1001,11101011,11000001;111111,11010100,110010,1010101;11111010,11001010,10001110,10111010;111110,1010100,10001000,1000110;11000011,10,1000011,1001110;11001101,11101010,1110101,1100;11000111,110000,10000100,11001000;11000000,100010,1001001,1000100;
11,11000011,111,10011;11111111,11000000,1001011,10010011;0,10000000,10111001,11100110;10110101,101101,11011100,11100110;1010001,10010,10000110,1110010;11010100,10001111,111011,1101010;10110100,10100111,10001100,11111100;10011111,11111,11101111,11001001;11100011,11010110,1100000,11011000;10101010,1010111,11101010,110000;1100010,11001010,10100100,11101101;10110000,10000010,11010001,11101011;10010111,10000010,11110101,1111;10010001,1011011,11110,11110;111,10111100,11001011,10010001;10000011,11011110,10110111,1010110;101100,11110101,10001110,11110010;10101110,101011,11000100,1101010;110011,10011000,11100100,10110111;10010000,11111,1001011,11100111;100101,11110101,1101101,11010111;1100001,11001010,10010100,11001110;11010011,11011101,10111010,10100111;11111111,10110101,10110010,11000001;10101110,10011001,10011110,1011001;
11100010,1011000,10010000,11011;10100110,10100001,11101110,1010011;11010001,101010,1001,10110111;11100101,10111111,11010110,10010101;10011,100100,10101,11000011;11000011,10000101,1101111,111110;101110,10100111,10011011,1011011;11110101,1111100,1100100,10000111;1010111,10,1110111,10011011;1110101,1100010,10000101,10000110;11001011,1010,101001,11010011;1111000,1000110,10101010,1110100;11001010,11001000,10110111,11000010;1011001,10100,10100111,111010;10000001,10101011,1011010,10010010;11101001,1011011,110111,1111100;11111010,110010,1101101,10011111;1111,1111110,11110,10000001;10110000,11011100,11001110,11010011;1011110,10101000,1110101,10010100;11010110,1011101,111100,1110000;1011000,11100,1100,101010;1101011,1111001,1110001,10011001;10011011,1000000,1111110,11001110;110000,10100110,10000,11110001;
10010111,1100010,11011011,11010101;10100000,111,10110011,11011001;1000110,11000001,10000110,11001011;10011101,110111,11011,10111010;101001,100100,11110001,11001001;1001101,1111100,1100,1110111;10001,110011,101000,1110;110001,1000011,10011100,10101;1000111,11110101,1011011,10010;11100100,10100010,1000110,111011;11101011,11001011,1000111,10000011;10110110,10101100,1001111,10110001;1110,11100100,11111011,10111101;1001111,10010110,11111111,10000000;10101011,1011101,1111001,1110;10001001,10100010,1010,1011;1101101,10110110,1101111,101;1000100,110001,1011010,11010010;100111,11110110,11100001,11000010;1110010,110001,10010011,1001011;111000,111011,11010010,1101100;1001110,10010010,11110000,111101;11001100,10110101,11010101,10111000;10000111,11100100,11111011,1011011;1101110,10001101,10101011,1111010;
110011,10000001,10111111,1010001;10010100,10000010,11001100,1011000;10101010,11100011,111110,1101101;10101000,11100001,10111001,10011100;11000000,1000111,1111100,10011000;111101,10000,10011011,10111010;11000111,11100111,10100,11110000;100000,10100101,1101,1111010;1011001,11111000,1100101,10000010;1101110,10110101,110010,1100011;100110,1111,101110,11111000;10000100,1000001,1101101,10001;111000,11100101,10111000,11011101;1101100,11101000,1011100,10111101;11011,110100,11100111,11111001;1000100,11101000,1110110,111101;111010,11100000,10011000,110100;11001100,11101011,1010101,101100;111111,110110,1000010,101101;111000,1001111,101011,1011111;1101000,1000111,1111101,11101;11011010,1101011,10011110,1010110;11000100,11110000,11011000,10000101;111010,10001000,10010000,110010;1111011,1010100,1100011,10110100;
100101,10010010,101100,1001;10000010,11001101,1101101,11110101;1110011,1001011,1110011,1111;11011,11110100,1100011,10000011;101,101010,1000011,11000110;1000101,11011100,100001,1100100;11000111,1101100,11000011,10111001;1110111,101111,1101011,11000110;1101101,11011101,1001111,11000111;111011,10000011,10010,1000101;1001,101100,1101,1101;11110001,1011111,1000,10011101;11100010,1000110,100000,1110010;11,11010110,1100100,10111011;11111110,10111111,1000,10100101;10011111,11101,10100000,10010000;1101111,11001111,11011000,111;10100000,1010101,1100001,100110;11110011,11111000,11010100,11111110;1001011,101101,11000,1111;111101,10101001,101111,1011110;11011,1100110,10,1001001;10100110,10001001,11011111,1000010;11101000,10001001,111000,1001100;1100111,110,1110110,1000010;
10100101,11100010,10100,10110001;10000011,1010101,11010110,101001;11000,11101000,11000011,111000;10001100,11100011,11011,111101;10111010,11110100,10101110,11111001;110111,11110101,1000000,10010101;1010,1000110,1100000,1011011;1111110,10101001,10010110,10011111;10100000,110000,1100000,110010;11101110,1011011,10000000,11010101;110001,11011010,10001101,1111110;1111111,1001110,11000111,11001001;11001001,111,10101111,10010001;111001,1010000,10101011,100101;1100011,10100100,10010101,10110111;11100110,10001011,1111111,11100011;101111,11100111,11001010,11110001;111011,110110,11100,101011;1110000,100111,1001110,110000;1101,10011100,101101,1100100;11011000,101010,10000101,1110001;111000,1100111,11000010,1000011;10111100,10001011,11110,10011101;101100,10101110,1000111,1001100;11001010,10001001,111000,11011100;
11111111,1,1001101,11100000;10101011,1010011,100101,1101001;1101110,11110001,10000001,11011111;10011111,10001110,10011010,10000011;100000,1010110,11101110,110101;10001010,10001100,1110110,1110000;101010,1010000,1110,1111011;11011101,10111100,10000101,101110;100000,1100000,100000,10010100;110001,11001100,11000001,100110;10000100,10101101,10001,11;11110100,10000111,11111,10001010;10101,10100001,100111,11000111;11100000,10101001,10001000,1010011;10100111,1001,1011000,10110000;11110111,100,11011001,10001011;10001011,100011,101001,10000;10100111,101110,10000001,11101101;11011,101010,10111111,10000000;1100011,111001,100110,10000100;1001,11101110,1000010,1100001;11000110,1011011,11001000,110101;111100,11100011,1011011,101010;10101101,10111111,1110000,10000011;11101000,10101001,101010,10010100;
100100,1111110,1110010,100011;1110110,111100,11111,10;10,1010001,11001011,10101;1010110,1110101,1100001,1001011;11101110,11111011,11110101,100;10100000,1101000,10010,10000001;11100001,10011000,10100011,100;1000,1110111,11110111,10110110;1011011,111011,11000011,111001;1110000,11110010,1101101,11001101;10100110,10100010,1110,100110;11011,10110011,10110101,1101101;1100111,1110001,11110110,1000010;1110011,11100011,1000000,10100111;11011000,10011100,1110110,1001100;10100001,1000011,10100101,1000001;1001100,10001110,10000010,11000011;1101110,1010010,1010110,1010011;1010011,10001011,1110001,1101100;11100100,10111111,11111001,1111010;1010100,10101100,1100100,11100000;1101011,11110,100111,10110011;10111100,1111101,10011000,10101000;10111110,11001111,11010,1101000;1100101,11001011,11011110,10111011;
1101010,11011,10110101,1010011;11000110,10101011,10010111,10101101;1000110,10110111,10001,10001101;1001011,11001110,1000000,11000011;11110010,11001010,11110110,10101010;1110110,1101110,1111111,111010;10010110,100,1101000,1110111;1011001,1100110,1011101,10111001;11011000,1010110,11000000,1111;101010,110111,111101,11100;101001,11001011,11111000,10;111110,1,110011,1001110;10111100,1110000,1000100,10100;110010,1001100,11011110,10110001;100010,1001001,1100101,1110100;1000010,1101010,111100,10100110;111001,1110110,10111011,1011110;11111011,101100,10010001,1001000;11100011,1101,11010110,1000010;1001101,11110101,11111011,11100111;10000011,1010,10001111,101100;111001,1000011,1111000,11000110;11011100,10001000,1011,100000;110,1011111,11001101,10001000;11100011,10101101,111001,10100000;
10011000,1111011,1011100,1100101;1011001,10110011,0,1010110;110000,10100101,1111010,1010011;1,11101000,10010000,1101;1110000,1001001,11011,10110101;11000,10110,1011100,101111;10100010,10100001,101010,1111011;11101011,11011011,11011110,11110111;11110101,10011001,11110100,10101101;100,1101001,1100,10100100;10100,11100000,11010,100000;11001010,1001111,1101111,11001100;11100,11101001,11001111,10011011;11101000,10111110,11001000,110111;1001011,11100011,1110,1100011;10010,11011001,1101,11000000;10110101,1,111011,11011010;10011000,10111110,101011,1101;110111,10110101,1011101,101011;1110,11011001,10001011,11100010;111,110010,10100110,1011110;11010010,10000010,11010000,1010010;11110,1011111,11101001,1000111;1101001,1000,10101011,11010111;10010100,11011010,11000110,0;
11101,1011001,10011,100;10000110,110111,11000100,11100010;11111001,1101110,10000101,11110;1100000,1001000,101010,10001001;10010110,10010111,11001100,11010000;1110000,1001,11100000,11100011;100101,111001,10000001,1100;10001110,1111101,1110111,10000;11100001,1101011,10010110,111000;111,10100010,101101,110101;11110011,1110101,1000011,11000111;1001000,11011001,11011110,10111111;111011,10010,11011000,11011;11111010,10111011,100100,100111;1010,10101,11000011,1011001;10001011,10100,11111001,11010101;100001,101101,11100,11000;10010010,11000111,101000,1001011;1001000,10100,11011001,111000;11010011,110,1011000,1001001;10001100,11011111,1001100,11011101;10100101,11101000,10011100,10000000;110101,11111111,11100001,1101010;11100001,110101,110011,11100101;1001111,1111110,1011011,11101001;
1001011,11110110,1,10000110;11000011,11110101,11010011,1011111;11000011,10001010,11100111,1100010;11101100,1100,11101110,11000010;11100000,1111011,1111010,1001011;101111,10100101,10010010,10110111;111,10100110,10000101,11101000;1011010,10001001,1100101,10101110;10001101,11101101,1001110,1101101;111000,10111,1110000,101100;1,10100011,10111101,10111010;1011,110100,10000110,10110001;111100,10010011,110100,10011010;1001011,110110,11011001,1110100;11101110,11111100,1001000,11011011;10111,10011101,11000111,10100;11001010,110110,10110011,11110101;1000111,1100111,10100100,11100011;10110111,110,101111,11;10100101,10100011,1100011,1110000;101000,11101011,11010000,10010111;10110100,10111101,11000110,11010001;10011111,1000010,1010010,100010;1011000,10011,11001110,11111110;1110,10101111,1110000,1000;
100111,11100101,11100010,1010;10101000,11100100,10100010,10110;1011010,10011111,11100011,1010001;10000100,11110101,10001011,111000;1011000,11010011,11111011,1111010;1000001,1111001,10110110,10000000;101100,100,11001,111001;11101110,1011111,10111100,101;11110100,1011001,10101110,1101001;1100111,1011001,10111101,10100011;11101111,101,10101000,11111011;110011,1101010,11100100,110110;110111,1101001,110000,10010100;10100011,10110,1110101,10001111;101000,11011101,1000000,11010000;10,10110000,10101110,1111100;11101110,1000101,100011,10101111;100111,11001111,1001010,10100000;10101101,1101001,11001001,11111;1010111,10010110,1101010,1101101;11010100,11100010,1011001,10000010;11111000,11101111,100010,11110111;10110000,111,11010010,1111010;100011,1100100,11100100,11010001;11011001,1110010,11000011,11110110;
1011101,11001100,11110100,10000;11111010,10110,11010110,100111;10111100,11011101,11100011,110;10111010,101110,110001,1110001;11001010,10101000,10011,10011010;1100011,10000001,11100100,1000;11100111,11101110,11111010,10111010;1001011,11000110,10000110,110001;11111010,10100101,11010011,1010001;11010110,11111,101011,11010010;10010,10011111,1111111,11101101;11001000,1001110,1010110,11111000;1011,100,10000001,10100;10110000,1111111,10001100,11100101;11111110,11001111,1111101,10011010;10000100,1100,10001,10110010;110000,101110,11110000,1010101;100,10010111,11010001,100;1000011,11101010,11110100,10010000;10011010,11010110,11011111,10010;11000000,1101,10111111,10110100;10100000,1001001,10110100,11010011;10001,111001,10111001,1101100;10010,10011111,10110110,11001000;11001010,1000111,11101110,1011;
10100100,10001010,10100101,100000;110101,10001,1001011,10010001;10001100,10110010,1010001,1101101;11001,111001,1101111,10010100;11111101,101011,1011000,1001111;1000101,10101001,10110110,110101;10000,1000101,111100,10111010;110001,11010011,11100110,11101;1001101,1010111,110010,1001101;10110101,1110011,10011100,10110101;110000,1111110,101,10110111;11110010,10011110,11111001,11110100;1100000,1110100,1110011,1011001;111001,10110011,10101000,1000010;11010,110,101101,10010001;10001010,10000010,10001111,11100;11110100,11111000,100101,10000110;11101000,10000111,10101,1101011;1111000,1000011,11110101,1101001;1110100,10001101,11001010,10100010;11111111,1111010,100110,11100101;110110,10010001,1000101,1000000;11010010,10010010,11110101,1011101;1111000,10011,11110011,10010100;100101,1110110,1001010,11101000;
11100110,10001010,11001000,10010000;110010,10110011,10010110,1010110;11010,10000011,1101000,1010000;11111,11111001,11010110,1100101;10001110,11011101,10100110,1110110;1001000,10100110,10101001,1101000;100000,10010100,10100001,11010000;10111100,10101110,11101000,1011011;10011111,11110000,10101,10000001;11111011,11110000,1010000,10100111;1010111,11001,1101,1100111;1110111,1010111,1001000,10000100;10001110,11,11010000,1000010;100000,111,11001001,1101;11101000,1101010,111010,11101100;101100,1011000,11011110,11010101;101000,1001110,1110110,11000000;10101110,1110010,1110100,11110111;10011001,101110,1000100,10110010;10000000,1011110,11100010,11011001;110111,1011,11010,10100110;10100101,1110111,10011,11100111;1010101,10101110,11000110,11010010;1001000,11010111,10010110,1100010;11001010,11111100,110001,100001;
11010010,10111011,10001110,10111001;1101010,10011001,11001111,11101001;11001010,10001111,1110001,10110111;100001,111101,11110101,1101111;10010111,10010,10100011,1000111;1101100,11010101,110101,11101000;1110,10010001,10011110,11101010;1111001,1001100,1100010,1000100;11001001,10010011,1011101,100;101100,1010111,1010010,10110100;11100000,100010,11000001,11011000;101010,11100100,1001001,110110;10111010,1010000,1100010,100;1111011,11100011,101010,10010100;10100001,10000110,100011,10000;1110111,10010000,11011101,11100;1011,1010011,1111101,1100;11101001,11000001,1101100,11101010;10011101,1100001,10011001,111101;1010100,10011101,11000111,1101101;1010111,1000100,10010000,1011001;10011111,11000,10000110,10010111;10011110,1000011,10111,10100000;10111111,10001,11111011,1000010;1101011,10010010,11011101,10111110;
1100110,100011,11000010,11001100;11,10010000,10011100,1010101;1100110,11000111,1010001,10001100;100010,101011,11011011,1010011;10101,11100000,10011100,10010101;1001100,11010,1011010,10001100;11010000,10001100,10010011,10010101;1111000,1101010,101111,11001111;1110010,1100001,10110110,1100110;11001001,11101110,10110,11101101;1111101,10110001,11101100,101;11110011,10110011,11011101,10000;1110111,10101011,11101010,11101010;1100111,1011101,11001,1100101;11110110,1001001,1111110,11000100;10100010,10010010,11000100,1111010;11011010,101100,10110100,10110100;11001010,10010000,10101000,100010;10100110,10001,11011101,10001110;10110111,11011100,1101100,11111110;1110000,10101100,10011111,1010010;1000111,10010011,11100001,10100011;1101111,111,10101110,10111100;101110,11101100,10110101,11010;1011001,11010010,1010001,101000;
