RGB
01
37
25
1100011,1010100,10010001;1011000,10011,11110000;10100,1110000,11011100;1111,1101010,11011011;11000000,1101110,110;1010100,11001110,1101010;101001,1111000,110000;10010,1010001,11000100;11001100,1100111,11100110;1,1100,10011100;1101011,10001000,10110;10001,10010111,10110001;10011110,101001,1011111;10011001,1010001,11100110;100101,10100001,110110;101100,11011010,10000;110000,1110110,1;1110001,100111,1011100;1001001,10110010,1100000;11110001,11010101,11110110;1111,110,100110;1000101,10000000,101;1010,1000011,10111000;101010,11011001,1000000;1110010,1100101,11111101;1110101,10111,11111000;1101000,111110,1001;10101011,100001,10001111;11010111,111101,1010111;1110100,10001,1000111;11001111,1101000,10110010;11000010,1100011,10011100;101011,11001110,10111000;11111010,1101110,11110100;11110000,100,11011;10110101,11011001,110100;10110100,11001110,1101011;
10010,11100101,1100010;11000101,1101000,10111010;10011101,11010111,110000;11111,110101,11000111;1010011,10110001,10100111;110101,11001110,11110;1000,11000,10011000;1101010,11011111,11011101;110100,100010,10011000;10100111,1110001,10101011;1111000,11011101,1111010;101000,10011000,10000101;1111101,11010110,10100001;11001001,10000001,1001011;10000000,11100011,11111001;11010011,101110,11010000;10000111,1101000,1000000;110111,1111000,1100000;1010101,10100000,10111100;10011011,11111110,10011111;10111011,11101011,11000011;1010110,11111011,11100100;1001011,110011,1001001;10010011,11100111,1001101;1101011,10111010,10111111;11011000,1000,100000;1101,111110,10100000;11101110,110100,11100110;10110011,10111110,10001110;10101100,10110110,101011;11100110,11110,110100;1110011,1010000,1101110;0,1111110,1101010;1001011,11110,1101110;11110011,1100101,1100001;1101101,11111001,1111111;10111111,1011,1010111;
110011,10101100,10110011;11111,10000101,11001100;11000001,100,110011;101000,10111,1110000;1100100,101000,1010010;1011101,111010,1001;1111110,10111011,1001101;10011100,1001110,110011;10111,1011,1011001;1010101,10011011,10100100;11110000,1000111,1010111;1000010,10111011,11011100;111001,1011001,10010100;11111000,1001000,1000001;10110100,111,0;110011,1111111,1011101;101110,1001011,11110101;11011111,11100101,1111111;11011110,1011100,11110111;1110101,1101000,1000100;1110,11000011,10110101;10100010,11110011,1111;1001111,10101,1100100;1000001,10100100,101010;10001110,11110111,11111111;1010111,11000011,1100010;110111,11011000,101101;1101011,100110,10001101;1010101,1101001,10100100;11000101,10011,10001;10110110,10011011,1101111;11001000,1010001,1001101;10000110,1001001,10111010;1011,10010,100011;10100101,1011001,10100001;11010001,11010110,11100100;1011110,11110110,11001000;
110110,10001110,11101110;111111,10011101,1111110;10101101,10100001,1101101;11101110,110101,11001101;11111110,1001000,11010101;110100,10110010,1110100;10110010,100010,1110110;111111,101010,11000001;111111,10001010,1110110;10010110,1010100,1100000;10,11000011,10111001;1101,1100010,10011;11000011,11000100,1111010;1111000,10110010,10010100;101101,11010011,1011001;100001,1111110,1110110;10100001,1100100,11110;10101111,11000010,10010010;101110,11101011,11000011;11101010,110100,11111011;11101001,11001001,10001010;10010,1101001,11101110;1011101,10010001,10011111;100110,10001111,10110011;10011,1011000,1011110;11000111,10001101,10100010;11100100,1001011,1011011;11010001,11111110,10110111;11111011,10111000,11111111;11111110,11111001,10000110;11001111,1010,11001001;11000011,11111011,101111;100111,1000111,1110101;10100011,1111110,11000011;10001100,11011000,1001101;1011001,111100,11110100;1011,11011000,10000111;
1100,11011000,1010111;11000001,1110,1110;11111001,101111,11001011;1010011,1000111,11111110;10011,11100010,1101110;11011001,1110100,11100000;110011,11010,10111;11110011,1000001,1111100;10010010,10,11110011;11100011,11000010,100010;10001011,1010101,10100011;10000101,1010011,10;10011110,11111,1001101;10010001,10010011,11000110;111100,11000000,10000010;11001111,10011011,11010100;10110111,11111,110001;10110001,1001010,1100110;10101111,111010,1101000;10111111,100100,100011;11000111,110000,10101100;101111,10110010,1100111;11101011,11110100,10111;11000110,1001101,110000;10010100,11100001,11011001;11111100,1011,11010001;1001101,11100,1000000;11101011,1010000,1010101;1001,1111110,1010100;11111010,11000110,11100100;111101,11100110,11000100;11110110,11101010,1111111;10101101,11010,1110;1110100,1110001,101110;1001001,1,11101111;11010111,1101001,10011100;11100011,11011010,10101000;
11001000,111010,101100;1000101,11011000,10111111;1010000,10100001,10;111000,1010110,110011;10100001,10000,10100;101,1110011,1110000;10110101,1011,10001111;10000000,11111110,1100;11010100,11011001,110010;11011001,11110011,11111110;101101,11111101,10001111;10010001,1100,111011;1101110,1100000,11001101;101100,1110,11001101;10000001,11110000,1110111;1000000,1111000,11;11100000,1111110,10000100;10,11111,10110011;1101111,1110001,1101110;10110100,10110011,10101001;10010,1010010,1000100;110111,11001000,10100001;1001,10101000,1000111;1011001,1001,1010101;1,100101,1010111;11111000,1010000,1110001;10100000,11010010,10010001;1001011,11010,11011100;10100011,1010101,110001;110001,1101101,10100100;11110100,10010000,100000;100000,1101000,11010100;100101,1011010,10100100;11100000,1110,11100;10101010,11011001,11100101;1110110,1100110,110111;11101000,10100111,1010110;
111011,11010010,1111010;10111011,11100011,1001001;1001110,10011001,1100010;11100000,111111,111011;10111001,10111011,101010;110101,100011,11011111;11011000,1101100,11010011;111,1001010,111001;1110,1001001,11000110;11110100,11011,110011;1111011,11000001,1101101;11000100,10000010,11110011;11011101,11000101,11001010;110001,10100011,100010;11110011,1110100,10001;11101111,1100110,11100110;11011100,11100110,11000010;11101011,11110111,11000110;111100,111000,11010001;11001,11111011,1110110;10101001,1001100,10000010;11111000,11001010,111000;11001110,10001011,10000110;11100001,1111111,1100111;10001011,11000101,1111000;10110010,10111111,11101101;1000100,110011,11000110;11101010,11001101,1111111;1110001,11111101,1101010;1000101,1000,110101;10100110,11111111,101000;11,1000,10010000;1110001,10001111,1100100;10100011,11000000,11010110;11001,11010001,11110101;1111101,10101000,111110;10011000,10100010,11011001;
1001001,1111100,10110011;10110010,11001111,1010100;10111001,11010010,11100101;1110,11101001,110111;11111010,10000011,10111110;11101,1100110,10111011;11001000,1001001,1101110;11010111,11001101,11011000;11111010,11010011,1000100;11111000,11,11010101;10111111,11001100,11111111;111110,10001011,110111;11000101,101000,1000000;1100001,11100101,1100111;11000,1011000,1100000;11100111,11111,1010000;10100000,1001111,110100;11001001,10011001,110101;11010010,1111,1001001;11111111,11110100,1010000;11110110,111110,1010010;11101111,11100101,1001011;11101010,11010100,11111011;11010011,11111101,10111;11100100,101110,11110100;11110010,11101101,1;11010001,1110010,10011;10100001,101000,11100100;1010100,1010100,10111011;100010,10010100,1110;1101101,10010010,111001;11010111,1000001,10000111;10101110,1111111,10000001;11111111,1011101,10110011;101011,11111111,1110011;11000011,10010111,10000101;11010,101110,1111000;
10,1111110,1111101;1000110,10010100,11101100;10100001,11110111,1010001;10011010,100110,1010000;10100010,11100,10111000;1100000,110110,1010111;1011,111100,1100010;110100,11001110,10111110;101000,10100000,11000010;10001011,10110100,10010011;11111011,10011001,110;10100,11110110,1000100;11111110,1100100,1111011;10100001,11010110,11001011;1111010,1100000,1100101;11010101,111100,1000001;1011000,101,11010;1100101,11000100,10110001;11111001,101110,11000100;1011001,11011,10110111;111100,10100111,1000011;11001000,1001111,10101000;10011000,1000010,100000;1101,10010111,1010011;10100000,101111,11001100;111100,10010110,110000;11010101,10101010,1100110;11100010,11001110,10001;10111100,1101,1101110;1110011,10100010,10000000;10111110,11011111,11100010;101100,10000011,10001100;10001101,100010,11100;10100100,10101101,11010100;100011,11110001,10101101;1011100,10101110,10100001;10000101,110000,11001010;
11111101,11110101,1111010;10,1000100,10000101;1110100,10111111,10010110;10011110,1101101,1;100010,1010110,11101000;10001011,1011000,11111100;1000000,11101010,1100011;10010100,1000101,10110110;111,11101000,10110111;10110,11001101,11001101;10001110,10001110,10110001;11000,11011011,100101;11011000,10010110,1000011;10110001,1100110,11010001;1010110,10100111,10100000;1111110,11010,1010011;11001110,10010100,11100000;11000101,1,1001;1011,10101000,100000;11001011,10010100,100100;10,11110101,1001001;11000111,11100111,1111011;11001010,11101010,1001100;10100011,111010,10010100;11101001,10011100,10000100;101010,10000101,11001111;11000111,11,10101000;11110011,1101100,11010010;1110011,10100001,11011011;11110011,101010,11101011;10111110,10000010,11000010;100110,10010000,10111011;1011001,11010110,1010011;1010010,101101,10110110;1001101,1100,1111011;1110001,1110101,10011110;1110010,11001,1011010;
1111111,111000,1011111;10000111,10101010,1101100;11111100,1110111,10101011;11000000,11010000,10010001;1101110,1000101,1110000;1011110,11010001,1010100;11110,110001,11000100;10011100,11001100,1111101;11101,1110,1100110;101010,11111110,1110001;11100110,11000011,1001101;10111001,1011001,1101000;10010111,100110,11001110;1001111,110,10100010;110110,11101110,10101011;11100100,10010110,111111;11110011,1110110,1000110;11100111,11000010,101101;1110,1001010,10011011;1101110,11001010,1101110;10111100,10010111,1101100;100111,10100100,111000;100,10001100,10101001;10011,1010111,1000110;1101010,11111001,10100000;1110110,1000001,11100100;11011,11110,110011;1110011,11100001,111001;1101010,10111011,10101101;1011011,101110,11101010;1100111,10011101,11011101;1100100,10110111,100;10000011,1011011,10000000;1000000,11110100,1011011;10111111,10101100,11111010;1001000,100,1101000;11101100,10100101,11010010;
11111010,100110,11010000;10000,11101110,101001;1001010,1101101,1111001;10101010,10110001,10100001;10100101,10001101,11110000;1100010,1111000,11110111;1110101,10101010,10010000;10001001,10011001,10101010;1000100,10100111,110110;10001110,11010110,11011001;10010111,11101010,11111110;10100000,10011110,10101011;1101110,1001010,1101101;10000100,11010000,10010100;1111111,10101101,101111;110100,10001101,10010100;1010110,1001111,111111;11100101,110100,11001111;10011110,1000111,10101111;11001101,1000011,11111100;1000110,1111010,10101101;11000000,1001011,11001000;1001100,11001001,101011;10111110,10111110,1010011;10010110,11101101,10000101;11,10101,1110111;100001,1100101,1101101;1010000,1001100,10001000;10111111,11011110,10001011;11010001,10101111,10111001;110,11110101,10111101;11101100,10000010,1101000;10000111,1001,10011010;10011111,10010100,1100001;10110111,1001000,11110101;11100110,10000010,1010001;10010001,10101001,111111;
10011100,10110000,101010;1111001,10011011,11011001;11111100,11100000,10101;10000010,11000011,10001101;101010,10100010,11101110;11111011,11111011,11100001;10110,1001010,11010011;1110010,1110000,10101101;11011,11100101,1111001;11000100,10111111,10010;1011011,10110000,100111;11101000,10001110,110110;11010011,1100101,11110110;11001011,10110111,1000100;10111000,1000110,1000;11000010,10111100,11100000;101111,1100001,1011;1101001,10001110,1101;11100001,11101,11111111;1011110,11000101,11100000;1001010,1100111,11101011;100011,10111010,10010;1000,1111000,101110;100011,110110,111100;1010010,1001000,10000100;1001001,10011100,11110010;1001101,1100111,11000100;10000111,11100011,10001100;1100011,10110,10110011;1010101,111101,10001100;10011011,10001000,1101000;10100011,10010001,10001101;1010000,10001011,11101000;10110101,110111,10100011;101000,1010101,10011010;11110010,10110,1101011;11000110,101100,10000100;
100011,10101011,11110011;1001001,10101001,10001011;1011,10101011,11001011;10001111,11011010,10000011;1001010,10001100,1100110;100011,11010101,100101;1111011,10010011,1110000;1001111,1001100,10101001;11100101,10010,10000111;10101101,10010111,111011;10010101,11011110,11101;11011010,10010001,11100101;1001101,11101101,1011100;1101101,1010101,1001100;11111111,11001000,1111101;11111010,1111100,11101111;11110110,10100011,10010101;1000110,11101010,1111101;10010001,1100000,11101100;11100000,11011110,10011101;1010100,1110101,10110101;11110001,1111110,11010100;1111,1100101,110111;11110,1111100,0;11110010,11010000,100001;11111111,1000010,11010010;1000110,1000011,11110011;10010110,1100000,11001010;11000010,1100100,11101011;11110000,11001111,10100101;1110110,10110,1101001;11100111,11100100,10011001;100110,100100,10000011;11110,101101,10101010;1101101,1010,10001;1111111,1001110,1101010;10110000,10110001,100110;
10010110,1100100,11001011;10000111,10010110,10100100;10001101,10010110,11011;101110,11110010,1010011;1111111,1001000,1001111;11011001,11010100,11101;10001000,11111111,11011000;10011001,1011101,10100110;110110,11110110,11000000;1100,11001,11111000;11011010,10110011,11011101;101010,11100110,10101001;100010,11100001,11110000;10000011,10010011,100101;10001110,10100011,1001100;100011,11010100,10000001;10111100,0,10100010;1000111,1111001,10010111;10100001,11111010,1000101;1001011,1000100,10001;10000010,1100110,1001001;111001,10101001,111100;101,1001011,1110100;1010,10010111,10100101;11000111,11001100,10100;11000001,1100110,10011000;1111000,1100,111001;1000001,101010,111001;10111101,11100001,10101001;1101001,10110101,1001111;1001110,11001010,111111;1101000,1000000,11001101;1000110,11010000,11100110;11100001,11011101,10000100;101100,10110000,10101101;10000011,10111101,1111101;10100011,1110100,1001011;
11110110,10101001,11001101;11111011,10001011,11000110;10010111,1100,10100011;110011,11010001,11010010;1110101,10111111,1100100;111110,10,1001101;11001001,10010111,111101;11011110,11100100,1000001;111010,10011100,11111010;11111110,1001,11100011;10110001,100011,1000010;1000100,101111,1100110;111001,11100100,10001011;10011000,11101000,100110;10101100,10100,1011001;11101,11011001,1110100;100011,11111101,11010011;11011011,10010100,10001011;10011101,11000101,11111001;1110011,1010110,101101;1110001,1001,1101001;1011,1010010,1100101;1010,101101,1101001;11110111,10010011,110100;10011011,1000100,101010;1110001,11101000,10001101;111000,10011011,11011010;10100001,11100100,11100100;110,10100101,1010111;11111101,10111100,1010100;1100,10111000,11010100;1010111,11100010,11101010;11010001,10010000,11111011;110011,1101110,10000110;111011,10100011,10000;11101011,10100,10101000;100,100000,10001001;
10000101,11010100,1000000;10100101,11001100,11111000;10101100,110100,1011001;1,10101111,11110101;11001,10001,11110000;11100100,1100100,11100010;1101,1001101,11000111;1010000,1001001,1101111;10000001,110111,11001011;11110111,100011,1111000;11100010,1011100,10101011;100000,1100010,10001010;10110001,1000000,11000010;11100,100000,10110000;1011111,111100,110;10110111,11001101,10100111;1100101,10001000,10001010;10011001,10110110,1100;10110011,10001001,1101;1111,100011,1111011;1000110,10010111,10010011;1011110,10001011,1101101;1011001,11110110,1011;10110001,10111000,11010110;1111100,11011010,10010111;11110000,1010011,1010100;101011,10110,100000;1011,1110110,10010101;1111100,11101000,11000101;1101101,10001011,10111011;11110010,110110,111011;11010101,11011011,11100100;111010,1101001,10010;1010000,10011100,11011100;110001,11000001,1010001;1111011,11111,1111110;1111101,1010,10011010;
10001011,1011010,10110100;1000100,10000111,101100;11110101,10011001,10100001;11001001,111111,1001;10001000,10000101,11001010;11010110,1111101,11011;1000010,1101011,11110110;1010101,1000011,11011110;1010001,10010110,10010;10000010,10000,11100000;10100000,11001110,1111110;11001001,1000000,1001000;11001001,11010010,11001101;1100011,11001100,11110;11110001,1110,11110111;10010101,10010110,11011110;10001001,11111000,11100111;10000011,1010101,11010;11100010,11001101,11100010;10110,100,11111011;11001100,110001,1000000;1000000,11100100,1010111;11000001,10110101,11100101;1000,11100100,1101011;10111111,10101010,111111;11001011,11000011,100100;11000001,1111010,1101001;1110011,1010101,11110111;11110001,10000101,1101;10000110,1110011,10010011;111111,10000110,10001010;1001111,1101000,1000;11111,100001,11010100;1111,110011,11010111;1010110,10000011,1001011;10111000,1000011,11101001;11111,101010,11110000;
111011,11010,11100001;11010011,11001000,10101001;110010,1101100,1101010;10111,10001110,1010110;11001111,1011010,11101101;1111101,10111010,1010100;10110010,111000,1010011;10011110,1000110,11011011;11100111,11110000,1101100;10110100,10011100,1111111;11001010,10010010,11000010;100001,101,11010110;1111001,1110011,10001100;1000101,11011110,1110;1000110,1011000,11010010;10111100,11000000,10110010;11101111,10010111,100;1111011,111001,11000110;1100001,10111101,10110011;11111100,10001101,10001100;1010100,1111010,10000001;1110110,10110110,110110;1110100,1000110,1000110;1011011,1100010,10110010;11110011,1011000,1010101;10000110,10110010,11001110;10110000,11110100,1001110;11000110,11111100,11111001;11001100,11101011,1100111;11001011,10100011,100010;10111001,111000,1111100;11100110,11100101,110011;101110,11111000,10001001;101011,111011,11111010;1110101,1010001,10010001;11111,11010010,101;11100000,1100110,1010101;
11011010,10111010,11110110;1100010,10100111,10100001;11000,11011000,1111000;10001111,1110011,11101;10010000,10010,10010110;10110,11110111,10000100;10100,10000000,11010001;111110,11001,11111010;101,10101101,11101110;11110010,110100,10000000;101100,1011011,11101;11000111,11101000,1101;101000,1000000,10001001;10111100,101101,1010100;10011011,1001011,111001;11101,1011101,11100001;1100001,10100111,1000011;1000111,10011,11101000;11010010,101,11010100;11000100,11010,10100110;10101011,11100000,1001;11,110011,11000101;111001,1101100,1100101;11000010,1001000,11110011;11110011,1111011,11000000;1110100,1001110,100101;1101000,10001110,1100000;10101110,1001000,10011111;10010011,11001011,110000;1011000,1001011,10100110;1000110,1011111,1000000;1001111,1010,11011001;10101100,1001011,1111;10110101,1001100,111110;1100000,11110100,10110111;10010,11101110,10110000;1110010,11111101,101001;
1101,1001011,11000011;10111100,10101001,10101101;1000010,1010000,1011010;10110101,10111010,101000;11000011,110101,11011110;1,1000010,100110;11110100,1111000,11011;101110,11010101,1111010;11010000,101110,10101101;11010010,10101000,110001;1111010,11011000,10111101;1001,10011001,111100;10000101,110010,1111010;110101,1101100,10101110;11001100,1001101,101010;11010000,1101001,10000000;11111000,1100,110;10110110,10011000,11001000;10110001,1111000,110000;1001100,10001100,11100001;10010100,11011001,11101;10001101,1111110,11010110;11111100,1001010,11010011;1001010,1010000,11011100;111010,11111101,11010001;10100001,1101110,11011011;10000000,10010110,11011110;10101101,1100011,11110010;1011110,10010,110010;10011011,1000101,10000;111,1000011,10111101;110011,11101101,1101010;10100010,1101000,1110000;10101011,1100011,11001110;11110000,10100,11011010;1111011,11011,10010100;1110011,1100111,10110111;
11101000,11010111,1111100;10001100,10101111,1101011;1111001,11101,10010;1100101,11011111,101111;11000,11011100,10101111;1001110,1101010,10010011;1,10101100,10010000;11010110,11100101,10100101;101101,10001101,110001;11001000,10000011,11100;10110001,10100000,11111011;111111,11111011,10011011;1000011,11000111,11000101;1010,1001101,111101;1001101,11100011,110100;11111101,11110,100010;10101111,1011000,1111001;11111001,101001,11011110;10001101,10101100,10100101;100100,10011100,100;1111000,1110101,11001101;1001,11100110,100101;1011,10011110,11101010;10000111,11011110,11101;11111011,1010110,11010011;10011000,10010100,10101001;11101000,10010100,11011111;10100100,101110,1111110;1101010,10110101,10100111;11000001,10101001,11001100;100010,1010,1110000;10111010,1101,1010001;10010011,11001110,10010000;10100010,1011000,1000111;11110100,10000101,10101101;11100001,1111111,10110000;11000111,10001011,10010;
1011000,10010011,10010110;11111001,10100010,1;11001000,11101101,101000;11100110,101100,1000111;1101111,11100,10100010;11011,10110001,1010011;101100,1000101,11100100;1111110,10001000,10010101;11111011,1001010,1100100;1111011,10101100,1;10100010,100111,10100011;1101110,1101110,1011;11111010,1111010,11101;10100100,1011,1100000;11000111,1001011,1011;10110101,11000110,110010;10110100,11101111,1000001;11110001,11100011,1011111;1000110,10010101,10101;1001100,11011001,10100101;11010010,10101001,1110011;11101,101011,111010;101101,110011,110001;11011000,1000011,100011;10100110,10001111,10011;11000101,1111101,101100;1110010,111010,110110;10101110,10101010,10001111;1111100,1000100,11011001;1100,1011010,10000010;11100101,1110111,10001000;1001100,1111110,11001;1000100,111110,100011;110000,11101010,11;10000110,10101010,11100010;11110100,1010111,1010110;10001110,1110010,11111000;
10,1100000,11000011;10101,1101101,10100111;11011000,11001110,11000010;11111100,1000011,1100;10111111,1101110,11111100;11001111,1001010,1000001;1110101,10001110,10101101;11100110,111110,1000;11001100,1110,11111000;10100100,10001100,1101011;10011111,11100011,1011111;10100100,11000010,10101;1101101,111011,111110;10101000,1110101,10011110;10111000,10111011,10010000;1000110,11101001,10001110;110000,1010000,1101001;100100,1001,11110101;1100011,110110,1101100;110001,11111,10000000;10110010,10000101,1111111;100110,10101110,1010011;11001001,101100,11110110;11011001,1010011,11000111;100001,10101100,10100010;10111101,10010111,11001010;100100,1000100,1101010;1110101,10110110,10111011;1111101,1001100,11001110;11011110,1111000,111001;1100100,10000111,11110;100011,1111101,0;1001111,1110111,11111110;11001101,11000011,10011101;1000011,1100000,10101010;11010000,1010000,10001101;10,100,1100011;
11001110,10011111,111000;11001001,10000110,10011101;1000100,11010101,11100000;111000,11000101,10111010;11110110,11001100,1000011;110,11100000,1011100;11110,1101111,11010001;1001010,11111000,10001011;11000010,1011001,11001010;110101,10000011,1001101;10000010,11000110,10000110;110011,100100,10101100;11110111,1100,110;101100,10111101,10110101;110010,10110000,11100000;11001101,10110111,11110111;110101,100101,1;11011100,111001,1100;10010001,1010110,10101;1000011,10010000,111111;10101010,10011110,1011010;10001110,1000010,1001010;11000101,10011100,101111;11111001,11001000,10110000;110011,1010101,1110001;10001011,1000111,10010;1000110,1100101,10100001;10101,10011110,10010111;110101,11101011,11010001;10111,10001111,10010001;10101000,11000111,10101111;11010100,10011110,110000;10100011,10101010,1110001;11101010,10001110,100011;100111,100,11111000;10110001,10100100,10000000;11111010,11001010,11010001;
